3000,4
0.871745625266752033333261806547,0.027102005975245410662743950070,0.101152368758003
0
0.977873050197918,0.021960066885248,0.000166882916834
0.017211882610128,0.951695077259102,0.031093040130771
0.982937848128608,0.014265911339821,0.002796240531571
0
0.879577969587260,0.117612711263163,0.002809319149577
0.008961563665046,0.928850232928579,0.062188203406375
0.952754296845367,0.033395384783642,0.013850318370991
0
1.000000000000000,0.000000000000000,0.000000000000000
0.052494280708870,0.947505719291130,0.000000000000000
1.000000000000000,0.000000000000000,0.000000000000000
0
0.998834211093379,0.001165788906621,0.000000000000000
0.114357949801120,0.877875690690558,0.007766359508322
0.999572984287710,0.000426993575853,0.000000022136438

3001,6
0.312846777635510053805489860679,0.186513017498932981430570521297,0.291079812206572752231181766547,0.209560392658984
0
0.016655251309384,0.903745746957145,0.079599001733471
0.775576809103063,0.216299472485939,0.008123718410998
0.898884271039191,0.098918428666479,0.002197300294329
0.109101473329440,0.473012649618182,0.417885877052378
0
0.044357277342085,0.955642722516250,0.000000000141665
0.850266812063449,0.149733187855148,0.000000000081403
0.999999998503274,0.000000000000544,0.000000001496182
0.132278840930465,0.466299388010637,0.401421771058898
0
0.371824161833262,0.627482057805371,0.000693780361367
0.285396501033040,0.714601414023824,0.000002084943136
0.119477498589998,0.406243523577030,0.474278977832972
0.998974201391033,0.001025798608967,0.000000000000000
0
0.000435563500777,0.987821189485188,0.011743247014036
0.005682004642706,0.985565347374479,0.008752647982814
0.996380350849632,0.003617651408473,0.000001997741895
0.000000000195344,0.005956994620895,0.994043005183761
0
0.034006664777456,0.962237130748179,0.003756204474365
0.044151862877073,0.947968455453510,0.007879681669417
0.997138943235932,0.002861056718400,0.000000000045668
0.002948878614393,0.031317104830586,0.965734016555021
0
0.355860701047072,0.622308061274190,0.021831237678738
0.290975976319718,0.703950697106198,0.005073326574084
0.119729059674051,0.412589275784662,0.467681664541286
0.979143218537152,0.019835353430001,0.001021428032847

3002,10
0.064660691421254815058894394042,0.015364916773367478727840840236,0.042253521126760569537328393608,0.609475032010243333857602010539,0.232821169440887765222925054331,0.035424669227486
0
0.979030999667218,0.020969000332782,0.000000000000000
0.007859826812168,0.957677168115131,0.034463005072701
0.173476710190089,0.825857968511562,0.000665321298349
0.999865947414214,0.000134052585786,0.000000000000000
0.000192113220511,0.999431012794734,0.000376873984755
0.000000000000000,0.090361445783133,0.909638554216867
0
0.977064410521616,0.022935589478384,0.000000000000000
0.007049694575661,0.968804614181994,0.024145691242344
0.169883722681098,0.829928100590579,0.000188176728323
0.999732566651073,0.000267433348927,0.000000000000000
0.000108139217154,0.999661832359136,0.000230028423710
0.000000000000000,0.090361445783133,0.909638554216867
0
1.000000000000000,0.000000000000000,0.000000000000000
0.000784922713722,0.999215077286279,0.000000000000000
0.007436656837948,0.992563343162052,0.000000000000000
1.000000000000000,0.000000000000000,0.000000000000000
0.000167639945963,0.999832360054037,0.000000000000000
0.000000000000000,0.000000000000000,1.000000000000000
0
1.000000000000000,0.000000000000000,0.000000000000000
0.000002697704191,0.999997302295809,0.000000000000000
0.004205694336729,0.995794305663271,0.000000000000000
1.000000000000000,0.000000000000000,0.000000000000000
0.000000000000314,0.999999999999686,0.000000000000000
0.000000000000000,0.000000000000000,1.000000000000000
0
1.000000000000000,0.000000000000000,0.000000000000000
0.039977105571943,0.960022894428057,0.000000000000000
0.027881065695855,0.972118934304145,0.000000000000000
1.000000000000000,0.000000000000000,0.000000000000000
0.013812742736769,0.986187257263231,0.000000000000000
0.000000000000000,0.042168674698795,0.957831325301205
0
0.990864448280889,0.009135551719111,0.000000000000000
0.000000000000000,1.000000000000000,0.000000000000000
0.000000000000000,1.000000000000000,0.000000000000000
0.999607374081369,0.000392625918631,0.000000000000000
0.000000000000000,1.000000000000000,0.000000000000000
0.000000000000000,0.006024096385542,0.993975903614458
0
1.000000000000000,0.000000000000000,0.000000000000000
0.001067588945067,0.994724729613590,0.004207681441343
0.001907177131254,0.997861025165892,0.000231797702853
1.000000000000000,0.000000000000000,0.000000000000000
0.000447452808804,0.998938333780412,0.000614213410784
0.000000000000000,0.000000000000000,1.000000000000000
0
0.990866919027035,0.009133080972965,0.000000000000000
0.002144964694909,0.997855035305091,0.000000000000000
0.003241948905904,0.996758051094096,0.000000000000000
0.999607099796479,0.000392900203521,0.000000000000000
0.001023556609489,0.998976443390511,0.000000000000000
0.000000000000000,0.000000000000000,1.000000000000000
0
0.910527252787514,0.089472747212486,0.000000000000000
0.005554164688576,0.840654339687406,0.153791495624018
0.009714010692370,0.990269003329494,0.000016985978137
0.999381705724356,0.000618294275644,0.000000000000000
0.003132726876168,0.996787409897219,0.000079863226612
0.000000000000000,0.000000000000000,1.000000000000000
0
0.906838108749473,0.093161891250527,0.000000000000000
0.126208323757295,0.688180523423423,0.185611152819281
0.277980566136569,0.721729334040344,0.000290099823086
0.999087853228677,0.000912146771323,0.000000000000000
0.199522582605438,0.799753849660929,0.000723567733633
0.036144578313253,0.162650602409639,0.801204819277108

3003,19
0.085787451984635082480323831078,0.409090909090909116141432377844,0.012163892445582587253927187021,0.034357661118224497309725506966,0.007042253521126760722192994280,0.010670081092616303178322034739,0.042040119504908234071560713119,0.138497652582159624934377006866,0.217883055911224920997426579561,0.042466922748613
0
0.394679200557263,0.602772864064826,0.002547935377911
0.994571592047962,0.003345954999668,0.002082452952371
0.034949632830900,0.965050367169100,0.000000000000000
0.021879278732795,0.971853698697969,0.006267022569236
0.999999946701180,0.000000053298820,0.000000000000000
0.000000000000001,0.040000525959413,0.959999474040586
0.000000000000000,0.903461273374518,0.096538726625482
0.015410961751762,0.979966155936354,0.004622882311884
1.000000000000000,0.000000000000000,0.000000000000000
0.716532854066020,0.000000000000000,0.283467145933980
0
0.391043874520365,0.608956125479635,0.000000000000000
0.997917455279511,0.000000091768118,0.002082452952371
0.000000000000000,1.000000000000000,0.000000000000000
0.021879278732208,0.978120721267792,0.000000000000000
0.970886450274385,0.029113549725615,0.000000000000000
0.019999878917743,0.040005811948339,0.939994309133918
0.000000000000000,0.903461273374518,0.096538726625482
0.010787673226225,0.989212326773775,0.000000000000000
1.000000000000000,0.000000000000000,0.000000000000000
0.716532854066020,0.000000000000000,0.283467145933980
0
0.383400068273045,0.616599931726955,0.000000000000000
0.997917455279511,0.000000091768118,0.002082452952371
0.000000000000000,1.000000000000000,0.000000000000000
0.009345224929260,0.990654775070741,0.000000000000000
0.970886450274385,0.029113549725615,0.000000000000000
0.000000000000000,0.020005933030596,0.979994066969404
0.000000000000000,0.903461273374518,0.096538726625482
0.010787673226220,0.989212326773780,0.000000000000000
0.999999999999994,0.000000000000006,0.000000000000000
0.716532854066020,0.000000000000000,0.283467145933980
0
0.388191867268380,0.611808132731620,0.000000000000000
0.997458972283946,0.000458574763683,0.002082452952371
0.000000000000000,1.000000000000000,0.000000000000000
0.021879278732208,0.978120721267792,0.000000000000000
0.970886450274385,0.029113549725615,0.000000000000000
0.000000000000000,0.040005811948339,0.959994188051661
0.000000000000000,0.903461273374518,0.096538726625482
0.010787673226225,0.989212326773775,0.000000000000000
1.000000000000000,0.000000000000000,0.000000000000000
0.716532854066020,0.000000000000000,0.283467145933980
0
0.862411489361184,0.137588510638816,0.000000000000000
0.999479386761907,0.000000000000000,0.000520613238093
0.000000000000000,1.000000000000000,0.000000000000000
0.238146969316119,0.761853030683881,0.000000000000000
1.000000000000000,0.000000000000000,0.000000000000000
0.000000000000000,0.820001040613265,0.179998959386735
0.000000000000000,0.888218263735619,0.111781736264381
0.000000000000000,0.998458907610319,0.001541092389681
0.998532727020225,0.001467272979775,0.000000000000000
0.701347131953344,0.015185722112676,0.283467145933980
0
0.854404307702205,0.143047756919884,0.002547935377911
0.930322640299927,0.069156746461981,0.000520613238093
0.575373550476934,0.424626449523066,0.000000000000000
0.931062704517817,0.068937295482183,0.000000000000000
1.000000000000000,0.000000000000000,0.000000000000000
0.139999210217063,0.720001597757958,0.139999192024978
0.000000000008730,0.994918996706719,0.005081003284551
0.006164381446668,0.969178082801921,0.024657535751411
0.981503528298003,0.018496471701997,0.000000000000000
0.706409039324236,0.020247962718914,0.273342997956850
0
0.875151166254342,0.124848833745658,0.000000000000000
0.999479386761171,0.000000000000736,0.000520613238093
0.017478632512154,0.982521367487846,0.000000000000000
0.250681023396526,0.749318976603474,0.000000000000000
1.000000000000000,0.000000000000000,0.000000000000000
0.000000000000000,0.820001089740313,0.179998910259687
0.005079893640709,0.883138370094910,0.111781736264381
0.004623288525536,0.995376711474464,0.000000000000000
0.998532727020225,0.001467272979775,0.000000000000000
0.696285224582452,0.020247629483568,0.283467145933980
0
0.867507360120609,0.132492639879391,0.000000000000000
0.999479386761171,0.000000000000736,0.000520613238093
0.000000000000000,1.000000000000000,0.000000000000000
0.238146969316119,0.761853030683881,0.000000000000000
1.000000000000000,0.000000000000000,0.000000000000000
0.000000000000000,0.820001089740313,0.179998910259687
0.000000000000000,0.888218263735619,0.111781736264381
0.001541096175179,0.998458903824821,0.000000000000000
0.998532727020225,0.001467272979775,0.000000000000000
0.696285224582452,0.020247629483568,0.283467145933980
0
0.602532303236874,0.397467696763126,0.000000000000000
0.998807607972721,0.000671779925064,0.000520612102215
0.000000000000000,0.000000010627486,0.999999989372514
0.006266979625405,0.987001434013910,0.006731586360684
0.000000110067577,0.000000000035364,0.999999889897059
0.000000000000000,0.979999801664395,0.020000198335605
0.000000000000000,0.015243009622181,0.984756990377819
0.000000000000000,0.997088784743276,0.002911215256724
0.006807235619836,0.991152784463670,0.002039979916494
0.000000000000000,0.015185722112676,0.984814277887324
0
0.597384891991571,0.402615108008429,0.000000000000000
0.997775216243893,0.001704171653892,0.000520612102215
0.000000000001084,0.019543908117848,0.980456091881068
0.018801033712271,0.974467379928143,0.006731586359586
0.000000110067577,0.056234678458331,0.943765211474092
0.000000000000000,0.960000201762101,0.039999798237899
0.000000000000000,0.040647233589837,0.959352766410163
0.007705480875927,0.989201051288636,0.003093467835437
0.024314678955447,0.970822849170921,0.004862471873632
0.000000000000000,0.050471561122989,0.949528438877011
0
0.606894985965248,0.390587280400070,0.002517733634682
0.999478031701778,0.000000000049331,0.000521968248892
0.000000000603588,0.424626454859321,0.575373544537091
0.012534006389382,0.980734407258728,0.006731586351890
0.000000110067577,0.000000000037357,0.999999889895066
0.820000755852752,0.179999244147248,0.000000000000000
0.020324012906731,0.979675987093269,0.000000000000000
0.998629880694109,0.001370119305891,0.000000000000000
0.008752155024164,0.986281492144720,0.004966352831115
0.273342997956850,0.030371777460698,0.696285224582452
0
0.907514708104536,0.089937954288259,0.002547337607205
1.000000000000000,0.000000000000000,0.000000000000000
0.000000000000000,0.350139480448955,0.649860519551045
0.000000000000000,0.999999974069671,0.000000025930329
0.000000000000000,0.724991716238013,0.275008283761987
0.000000000000000,1.000000000000000,0.000000000000000
0.000000000000000,0.000000000000000,1.000000000000000
0.001541096175179,0.998458903824821,0.000000000000000
0.000983931542212,0.999015840306582,0.000000228151206
0.000000000000000,0.000000000000000,1.000000000000000
0
1.000000000000000,0.000000000000000,0.000000000000000
1.000000000000000,0.000000000000000,0.000000000000000
0.592848371517227,0.407151628482773,0.000000000000000
1.000000000000000,0.000000000000000,0.000000000000000
1.000000000000000,0.000000000000000,0.000000000000000
0.159999048093645,0.840000951906355,0.000000000000000
0.000000000000000,0.994918996715449,0.005081003284551
0.000000000000819,0.999999999999181,0.000000000000000
0.998055080597036,0.001944919402964,0.000000000000000
0.711470946695128,0.015186055348022,0.273342997956850
0
0.989780987354387,0.010219012645613,0.000000000000000
0.984907807233024,0.015092192766976,0.000000000000000
0.592848340697768,0.407151659302232,0.000000000000000
0.981198920155377,0.018801079844623,0.000000000000000
0.999999868227846,0.000000131772154,0.000000000000000
0.159999089546365,0.840000910453635,0.000000000000000
0.000000000000000,0.994918996785181,0.005081003214819
0.004623287733529,0.993835616091292,0.001541096175179
0.984440609482858,0.015559390517142,0.000000000000000
0.706409062235206,0.025309847109366,0.268281090655429
0
1.000000000000000,0.000000000000000,0.000000000000000
1.000000000000000,0.000000000000000,0.000000000000000
0.592848371517282,0.407151628482718,0.000000000000000
1.000000000000000,0.000000000000000,0.000000000000000
1.000000000000000,0.000000000000000,0.000000000000000
0.159999069342436,0.840000930657564,0.000000000000000
0.000000000000000,0.994918996715449,0.005081003284551
0.003082190713840,0.996917809286160,0.000000000000000
0.998055080597036,0.001944919402964,0.000000000000000
0.711470946695128,0.015186055348022,0.273342997956850
0
0.994904109047766,0.005095890952233,0.000000000000000
1.000000000000000,0.000000000000000,0.000000000000000
0.000000000000000,0.489937939440702,0.510062060559298
0.000000000000000,0.999999999999413,0.000000000000587
0.029113264834262,0.841445840696852,0.129440894468886
0.000000000000000,1.000000000000000,0.000000000000000
0.000000000000000,0.000000000008730,0.999999999991270
0.000000000000000,1.000000000000000,0.000000000000000
0.011391083407606,0.988608916592394,0.000000000000000
0.000000000000000,0.000000016130937,0.999999983869063
0
0.997451592495361,0.002548407504639,0.000000000000000
0.999479490669757,0.000520509330243,0.000000000000000
0.000000000000000,0.472463123055278,0.527536876944722
0.000000000000000,1.000000000000000,0.000000000000000
0.000000000000000,0.870559198305268,0.129440801694732
0.000000000000000,1.000000000000000,0.000000000000000
0.000000000000000,0.000000000000000,1.000000000000000
0.003082192350358,0.996917807649642,0.000000000000000
0.006528755560029,0.993471244439971,0.000000000000000
0.000000000000000,0.000000000000000,1.000000000000000
0
0.999999475071479,0.000000524928521,0.000000000000000
0.998958888242466,0.001041111757534,0.000000000000000
0.000000000000000,0.472662143035758,0.527337856964242
0.000000000000000,1.000000000000000,0.000000000000000
0.000000000000000,0.870559198305268,0.129440801694732
0.000000000000000,1.000000000000000,0.000000000000000
0.000000000000000,0.005023135871742,0.994976864128258
0.001541096175179,0.996917807649713,0.001541096175108
0.006528755519040,0.993471244480960,0.000000000000000
0.000000000000000,0.000000000000000,1.000000000000000
0
0.984705757070649,0.015294242852312,0.000000000077039
0.978140433630990,0.021338953146659,0.000520613222351
0.226644035046566,0.738067611737730,0.035288353215704
0.724250865639886,0.275749134360113,0.000000000000000
0.226807112900645,0.773165424495527,0.000027462603828
0.179998955605075,0.820001044394925,0.000000000000000
0.015020048862689,0.355034092195452,0.629945858941859
0.030821920034956,0.963013695264329,0.006164384700715
0.351265350086782,0.641927432003005,0.006807217910214
0.097236660644018,0.239658196205507,0.663105143150475

3004,10
0.054417413572343156791255580629,0.037772087067861725984130316647,0.061459667093469914911363360943,0.386470337174562583726356024272,0.348271446862996214566265962276,0.111609048228767
0
0.997491967616358,0.002508032383642,0.000000000000000
0.037641654087638,0.934448963257657,0.027909382654705
0.057618946053337,0.940806571905228,0.001574482041435
0.999224889834661,0.000775110165339,0.000000000000000
0.017040706683323,0.981270694405750,0.001688598910927
0.000000000000000,0.045878113675919,0.954121886324082
0
0.998530587014321,0.001469412985679,0.000000000000000
0.001314473679550,0.988008600709081,0.010676925611369
0.007932092040333,0.991783294367253,0.000284613592414
0.999639431627491,0.000360568372509,0.000000000000000
0.000058134016788,0.999889374354647,0.000052491628566
0.000000000000000,0.005723373032658,0.994276626967342
0
0.998516075356347,0.001483924643653,0.000000000000000
0.001323391202998,0.976319550882049,0.022357057914953
0.007928111032952,0.991133712410541,0.000938176556506
0.999641249795713,0.000358750204287,0.000000000000000
0.000058014268780,0.998145366630935,0.001796619100285
0.000000000000000,0.005723370910595,0.994276629089405
0
0.996419673014241,0.003580326985759,0.000000000000000
0.000291206020208,0.982769044346477,0.016939749633315
0.005768103021828,0.993885675525803,0.000346221452369
0.998814566501382,0.001185433498617,0.000000000000000
0.000000001261988,0.999379942185234,0.000620056552778
0.000000000000000,0.009547648217689,0.990452351782311
0
0.999999996578163,0.000000003421837,0.000000000000000
0.001355359132237,0.998538453552871,0.000106187314891
0.005150785186729,0.994849214813270,0.000000000000001
0.999999999999640,0.000000000000360,0.000000000000000
0.000016017350157,0.999983982649843,0.000000000000000
0.000000000000000,0.005723373032707,0.994276626967293
0
0.997728040428913,0.002271959571087,0.000000000000000
0.003526057416704,0.993158473114244,0.003315469469052
0.077919133507785,0.921902844262468,0.000178022229746
0.999195311021999,0.000804688978001,0.000000000000000
0.000033060689907,0.999730149243019,0.000236790067073
0.000000000000000,0.011438010504037,0.988561989495963
0
0.999999989789926,0.000000010210074,0.000000000000000
0.002433875612725,0.997526519813348,0.000039604573927
0.075672566453709,0.924327433546270,0.000000000000021
0.999999999997459,0.000000000002541,0.000000000000000
0.000000000236744,0.999999999763241,0.000000000000015
0.000000000000000,0.011437859792113,0.988562140207887
0
0.982154008082911,0.017845991917089,0.000000000000000
0.004591712887615,0.990310643510307,0.005097643602078
0.080043999315372,0.919587999257128,0.000368001427500
0.995699899607889,0.004300100392111,0.000000000000000
0.000094898962240,0.999272048420660,0.000633052617100
0.000000000000000,0.045856338094354,0.954143661905646
0
0.993577879795124,0.006422120204876,0.000000000000000
0.002433874689610,0.987502602948030,0.010063522362361
0.075672431785599,0.924246950731886,0.000080617482514
0.999715310270721,0.000284689729279,0.000000000000000
0.000000000236744,0.999844699286811,0.000155300476445
0.000000000000000,0.011437857670001,0.988562142329999
0
0.853896166544932,0.144487804208804,0.001616029246264
0.053918084118096,0.824081787598059,0.122000128283845
0.140942394472901,0.758591402860353,0.100466202666745
0.866886871969892,0.129502903907976,0.003610224122132
0.025257171371459,0.918632424060041,0.056110404568501
0.001896928974135,0.074553612055545,0.923549458970320

3005,4
0.431284677763551005380548986068,0.447076397780623135957966951537,0.121638924455826
0
0.977736110439467,0.022263889560533,0.000000000000000
0.000495867315336,0.996386854055707,0.003117278628957
0.001763061860912,0.011504553937494,0.986732384201594
0
0.975756677452653,0.024243245661389,0.000000076885958
0.000972661026706,0.994846642179959,0.004180696793335
0.001763062201768,0.008385010005745,0.989851927792487
0
0.980709181805476,0.019290818194524,0.000000000000000
0.001555374027617,0.996420810841945,0.002023815130439
0.004882465135473,0.009630064800405,0.985487470064122
0
0.994076348395894,0.005923651604105,0.000000000000001
0.001071684064548,0.997380958505605,0.001547357429847
0.003119410279783,0.004338862763228,0.992541726956989

3006,2
0.787665386256935606823503803753,0.212334613743064
0
0.999557314871621,0.000442494295261,0.000000190833118
0.422081702511806,0.557970810629864,0.019947486858330
0
0.999145695832147,0.000814572499472,0.000039731668381
0.376956644830715,0.590883483086520,0.032159872082765

3007,2
0.509816474605206959580527836806,0.490183525394793
0
0.999106465595231,0.000015050844655,0.000878483560113
0.899159438449790,0.100840541217171,0.000000020333038
0
0.999098915550456,0.000022600889430,0.000878483560113
0.898336491973704,0.101663487693258,0.000000020333038

3008,2
0.468416559965855738845164069062,0.531583440034144
0
0.961285745221944,0.031024459753061,0.007689795024995
0.081281662112619,0.758251680796156,0.160466657091225
0
0.074044777531965,0.404645020397949,0.521310202070086
0.419866578980619,0.580124248938153,0.000009172081228

3009,2
0.546734955185659399212738662754,0.453265044814341
0
0.852749860552708,0.036520204069323,0.110729935377968
0.035345989576979,0.899383463879153,0.065270546543868
0
0.887642054756882,0.006376156950670,0.105981788292447
0.199117420557761,0.799692187743121,0.001190391699118

3010,5
0.397140418267178829658803351776,0.081732821169440889041979403373,0.521126760563380
0
0.003213971445426,0.996786028439857,0.000000000114716
0.000000000002760,0.002662739202529,0.997337260794710
0.999999999748586,0.000000000001045,0.000000000250369
0
0.029017262552319,0.968835671787649,0.002147065660033
0.000000001060775,0.041813723240432,0.958186275698794
0.991802305766899,0.008197693982732,0.000000000250369
0
0.000000000481142,0.999470311484325,0.000529688034533
0.000000000000000,0.000014648633913,0.999985351366087
0.999992250113798,0.000007749635834,0.000000000250369
0
0.125193945105556,0.873731756940247,0.001074297954197
0.010443327473656,0.195862172333653,0.793694500192690
0.999999999949052,0.000000000050948,0.000000000000000
0
0.216536876292305,0.763043661520742,0.020419462186953
0.036589097174460,0.308091987112286,0.655318915713254
0.947993851002139,0.051596651762661,0.000409497235200

3011,2
0.635083226632522368504396581557,0.364916773367478
0
0.995247919597823,0.000348632492466,0.004403447909711
0.430479230803062,0.541125182765924,0.028395586431014
0
0.949427190333304,0.038033660229690,0.012539149437006
0.085211479555472,0.830188729263665,0.084599791180863

3012,6
0.022620571916346567109545873109,0.011737089201877935404350061788,0.939607341015791797111944561038,0.026034997865984
0
0.999873824917061,0.000000000000000,0.000126175082939
0.965255375187942,0.034744564168652,0.000000060643405
0.999776462764444,0.000000000000000,0.000223537235556
0.999975279727388,0.000000000000064,0.000024720272548
0
0.998183300683117,0.001816699316883,0.000000000000000
0.326318902040852,0.673681097959148,0.000000000000000
0.999804719195217,0.000195280804783,0.000000000000000
0.990648301302608,0.009351698697392,0.000000000000000
0
0.998262385855213,0.000000000000000,0.001737614144787
0.965255391539859,0.034744564168649,0.000000044291492
0.999865586378715,0.000000000000000,0.000134413621285
0.998110766565608,0.000000000000066,0.001889233434326
0
1.000000000000000,0.000000000000000,0.000000000000000
0.965255435831206,0.034744564168794,0.000000000000000
1.000000000000000,0.000000000000000,0.000000000000000
1.000000000000000,0.000000000000000,0.000000000000000
0
0.999802100612671,0.000000106963127,0.000197792424202
0.322480758529485,0.677518242516833,0.000000998953682
0.999779793833998,0.000000002623743,0.000220203542260
0.999914484033727,0.000000171632604,0.000085344333669
0
1.000000000000000,0.000000000000000,0.000000000000000
0.391970127046132,0.608029872953867,0.000000000000000
1.000000000000000,0.000000000000000,0.000000000000000
1.000000000000000,0.000000000000000,0.000000000000000

3013,2
0.653222364489970175327471224591,0.346777635510030
0
0.947939984690964,0.010933514514677,0.041126500794359
0.073799284398199,0.893519110147596,0.032681605454205
0
0.958096345115201,0.002281484113007,0.039622170771792
0.162999550507928,0.821182126437957,0.015818323054115

3014,15
0.037772087067861719045236412740,0.161118224498506185105028976068,0.225778915919760986286135562295,0.233461374306444729986864672355,0.059752454118651300574160956103,0.035211267605633804478326709386,0.221084080239009828083851516567,0.025821596244131
0
0.322057321649694,0.649719493795123,0.028223184555183
0.999609460168688,0.000390539831312,0.000000000000000
0.984338630334679,0.015661323133868,0.000000046531453
0.167158429925687,0.568491219889692,0.264350350184621
0.755555865237206,0.239398774034388,0.005045360728407
0.240837709210950,0.519880181056373,0.239282109732676
0.000545838755564,0.959047344623618,0.040406816620819
0.071020790100242,0.745346977173167,0.183632232726591
0
0.268667504827413,0.703107590369112,0.028224904803475
0.998755038109470,0.001244961890530,0.000000000000000
0.700044832823373,0.297095722545641,0.002859444630985
0.150895761875174,0.442999978785081,0.406104259339745
0.067096492427278,0.652249592143260,0.280653915429462
0.121501926994112,0.497120343644124,0.381377729361765
0.000061799862513,0.959471828743649,0.040466371393838
0.001015393654720,0.684361441239131,0.314623165106149
0
0.011290875884028,0.423165174525860,0.565543949590112
0.000000000001472,0.005252286797050,0.994747713201478
0.010447169026199,0.954857662086561,0.034695168887240
0.972281266934807,0.026824715983711,0.000894017081483
0.801013632347043,0.198986367652957,0.000000000000000
0.966915124884818,0.033084875115182,0.000000000000000
0.010177425562085,0.985976253117736,0.003846321320179
0.565124426210733,0.434875573789038,0.000000000000229
0
0.000000000000000,0.371924608297014,0.628075391702986
0.000000000000000,0.000000047756700,0.999999952243300
0.004492796149900,0.965560048875703,0.029947154974397
0.977157081735656,0.021948901182862,0.000894017081483
0.744962988859420,0.255037011140580,0.000000000000000
0.947330573588759,0.052669426411241,0.000000000000000
0.003135476685208,0.996863225208788,0.000001298106003
0.518369210762085,0.481630789237914,0.000000000000000
0
0.760684158194776,0.239315841805224,0.000000000000000
1.000000000000000,0.000000000000000,0.000000000000000
0.276894335069134,0.722170794790592,0.000934870140275
0.000000155822699,0.127027438340638,0.872972405836662
0.125399767664396,0.874548650211370,0.000051582124234
0.018669318337342,0.187172104443427,0.794158577219232
0.000080630378018,0.999919369617913,0.000000000004069
0.031906707288078,0.659757481360307,0.308335811351615
0
0.004993514740880,0.256443090538987,0.738563394720132
0.000000000000000,0.049840820658822,0.950159179341178
0.023423939176411,0.970899849237837,0.005676211585752
0.998233250907987,0.000872732010612,0.000894017081401
0.830620449760402,0.169379550239598,0.000000000000000
0.999231686378304,0.000768313621149,0.000000000000547
0.021739318650472,0.977296076089203,0.000964605260325
0.354969419821841,0.645030580175256,0.000000000002903
0
0.000000000000000,0.010997835117440,0.989002164882560
0.000000000000000,0.000000000000000,1.000000000000000
0.000000000000000,0.994687048775454,0.005312951224546
0.999105909505207,0.000000073413518,0.000894017081274
0.796384085348623,0.203615914651377,0.000000000000000
0.807407005471728,0.192592994527045,0.000000000001228
0.000000000000000,1.000000000000000,0.000000000000000
0.072367599037383,0.907077918867543,0.020554482095073
0
0.994478700594464,0.005521299405536,0.000000000000000
1.000000000000000,0.000000000000000,0.000000000000000
0.857663269759702,0.142336730240298,0.000000000000000
0.132263000511229,0.550148471789639,0.317588527699132
0.679734384444670,0.281454798202741,0.038810817352590
0.162154625362078,0.430295009746076,0.407550364891846
0.022268712670008,0.977731287329992,0.000000000000000
0.266697939670456,0.699058760977571,0.034243299351973
0
0.994478659799197,0.005521340200803,0.000000000000000
1.000000000000000,0.000000000000000,0.000000000000000
0.271360151985447,0.728639848014553,0.000000000000000
0.000000000005814,0.125590963757514,0.874409036236672
0.121275857363765,0.821031230198105,0.057692912438130
0.017725742513428,0.356442214650469,0.625832042836103
0.000000000000037,0.999999999999963,0.000000000000000
0.089924698968499,0.875830902161382,0.034244398870119
0
0.000000000000000,0.056378834916450,0.943621165083550
0.000000000000000,0.000000000000000,1.000000000000000
0.000000000017686,0.999999994464253,0.000000005518062
1.000000000000000,0.000000000000000,0.000000000000000
0.886405641103350,0.113594358896650,0.000000000000000
0.841766563401946,0.158233436598054,0.000000000000000
0.000967355559037,0.998063120243649,0.000969524197314
0.094883523096286,0.895514720236519,0.009601756667195
0
0.000000000000000,0.073946686548471,0.926053313451529
0.000000000000000,0.002522978516178,0.997477021483822
0.001873196701765,0.985001809394982,0.013124993903254
1.000000000000000,0.000000000000000,0.000000000000000
0.898334608728605,0.101647616693994,0.000017774577401
0.823801385659136,0.176198584936936,0.000000029403929
0.004563974072228,0.878191039123192,0.117244986804580
0.088770425215503,0.841050056172455,0.070179518612042
0
0.000000000000000,0.191926335657095,0.808073664342905
0.000000000000000,0.000000000000000,1.000000000000000
0.000000000000000,0.906741472768953,0.093258527231047
0.985232236194836,0.014767763805164,0.000000000000000
0.839283402899393,0.156582083507015,0.004134513593592
0.012875045022308,0.981172321736287,0.005952633241406
0.002609471046261,0.994029849938622,0.003360679015117
0.000549325475682,0.358080956913321,0.641369717610997
0
0.000000000000000,0.231473777733195,0.768526222266805
0.000000000000000,0.000000000020063,0.999999999979937
0.000004719932011,0.932986826806464,0.067008453261525
0.999999986037258,0.000000013962742,0.000000000000000
0.994955333677124,0.005044666322617,0.000000000000259
0.040703417388379,0.959296582610658,0.000000000000962
0.005154791310257,0.993119692592730,0.001725516097012
0.001055777510432,0.376468213753375,0.622476008736193
0
0.791013627556425,0.208986372443575,0.000000000000000
1.000000000000000,0.000000000000000,0.000000000000000
0.230380194034816,0.767749315125602,0.001870490839582
0.028896334461088,0.253365578358990,0.717738087179923
0.019625623580407,0.298412373193605,0.681962003225988
0.127621570794359,0.872375300742872,0.000003128462769
0.120774865369673,0.877691010013932,0.001534124616395
0.759599913310048,0.239632148162865,0.000767938527087
0
0.000000000000000,0.268642913640053,0.731357086359947
0.000000000000000,0.001776416790829,0.998223583209171
0.001875437672977,0.882012475380180,0.116112086946843
0.946082803584569,0.053917196415431,0.000000000000000
0.935548813548390,0.064451186451610,0.000000000000000
0.041817685368036,0.942830654766800,0.015351659865165
0.006124186009531,0.993331994746807,0.000543819243661
0.001595242673585,0.392377106493847,0.606027650832567

3015,4
0.798335467349551852755951131257,0.141485275288092182677246455569,0.060179257362356
0
0.984517718653326,0.015482281346674,0.000000000000000
0.024132792076083,0.917043682285009,0.058823525638909
0.996518819541986,0.003481180457895,0.000000000000120
0
0.996557336213644,0.003442663786356,0.000000000000000
0.009049835747940,0.954751071551319,0.036199092700741
0.999661843926042,0.000338156073579,0.000000000000379
0
0.999922504905179,0.000000000008543,0.000077495086278
0.000000061909079,0.960784252054671,0.039215686036250
0.997408337530797,0.000000000000000,0.002591662469203
0
0.999658708696395,0.000266210096423,0.000075081207182
0.000000004434831,0.960784309466804,0.039215686098365
0.997368438329849,0.000006838223120,0.002624723447031

3016,36
0.208493384549722576837282872475,0.005335040546308151589161017370,0.031370038412291932627962154356,0.217029449423815634645507088862,0.140631668800682896325326964870,0.130388390951771238057688151457,0.088134869825010675459253661757,0.117797695262484000688907315180,0.003414425949637217398702215831,0.057405036278276
0
0.937715998151936,0.062284001800129,0.000000000047935
0.000000000000010,0.999999999999990,0.000000000000000
0.000000000000000,0.108843537414966,0.891156462585034
0.943611059194916,0.055442298796110,0.000946642008974
0.994254983140387,0.005745016859613,0.000000000000000
0.058232209760853,0.903151972146344,0.038615818092804
0.035493499067344,0.958353442598079,0.006153058334577
0.978112728681613,0.020092191068929,0.001795080249458
1.000000000000000,0.000000000000000,0.000000000000000
0.028991722177813,0.956700558039182,0.014307719783005
0
0.302296050449228,0.697539439630917,0.000164509919855
0.600000003184744,0.399999996815255,0.000000000000000
0.911564625850340,0.088435374149660,0.000000000000000
0.108222698714022,0.531731186538759,0.360046114747220
0.000000413118671,0.003635896465418,0.996363690415910
0.440026940579952,0.544305296063460,0.015667763356588
0.007895241484268,0.988570335582617,0.003534422933116
0.337095029344193,0.662133690501382,0.000771280154424
0.000000000000000,0.313011773887607,0.686988226112393
1.000000000000000,0.000000000000000,0.000000000000000
0
0.168601707671675,0.793261126549924,0.038137165778401
0.000000000000000,0.519999995858805,0.480000004141195
0.000000000000000,0.088435374149660,0.911564625850340
0.905044689531080,0.090221612683072,0.004733697785849
0.999999999999735,0.000000000000000,0.000000000000265
0.031208446169941,0.865256694798600,0.103534859031459
0.019355797226116,0.980644202544836,0.000000000229048
0.007465203391153,0.636777613987521,0.355757182621325
0.874795157619605,0.125204842380395,0.000000000000000
0.000000000045971,0.019033551313197,0.980966448640833
0
0.180967294219464,0.798982835579794,0.020049870200742
0.000000000000000,0.519999995875973,0.480000004124027
0.000000000000000,0.108843537414966,0.891156462585034
0.926979174396638,0.070181839704647,0.002838985898715
0.979532267132024,0.020467732867976,0.000000000000000
0.028491681321566,0.915430963048118,0.056077355630316
0.020961038198061,0.974182837860650,0.004856123941290
0.008489610219612,0.675267523346580,0.316242866433808
0.874794952007530,0.125205047992470,0.000000000000000
0.000000000045971,0.037489957292242,0.962510042661787
0
0.298036666474770,0.701280199540748,0.000683133984482
0.600000003184744,0.399999996815255,0.000000000000000
0.911564625850340,0.088435374149660,0.000000000000000
0.101596229436213,0.526984624189540,0.371419146374246
0.000000413118400,0.002871272146395,0.997128314735205
0.441127332015725,0.541568253642059,0.017304414342217
0.006259872577364,0.990205704489520,0.003534422933116
0.335299942465947,0.663928777379604,0.000771280154449
0.000000000000000,0.313011773887607,0.686988226112393
1.000000000000000,0.000000000000000,0.000000000000000
0
0.190363083407601,0.799216669993512,0.010420246598887
0.000000000000000,0.639999995699607,0.360000004300393
0.000000000000000,0.047619047619048,0.952380952380952
0.991312544789574,0.008687455210426,0.000000000000000
0.979434076202519,0.020565923797481,0.000000000000000
0.001636651922688,0.966253993290212,0.032109354787100
0.000000002641557,0.999999996885677,0.000000000472766
0.001813434378480,0.669302266350806,0.328884299270715
0.751228009425087,0.248771990574913,0.000000000000000
0.000000000000000,0.012974930500827,0.987025069499173
0
0.981024505470940,0.018975494529060,0.000000000000000
0.039999999709448,0.960000000290552,0.000000000000000
0.000000000000000,0.054421768707483,0.945578231292517
0.996951060522613,0.003048939477387,0.000000000000000
0.998466582058838,0.001533417941162,0.000000000000000
0.003438219137404,0.990856655945488,0.005705124917108
0.004706681252810,0.995293318747190,0.000000000000000
0.985713520754789,0.014286479245211,0.000000000000000
0.999401142431780,0.000598857568220,0.000000000000000
0.011074057385472,0.983336537972669,0.005589404641859
0
0.015221605594396,0.984370829668441,0.000407564737163
0.479999996176377,0.520000003823623,0.000000000000000
0.959183673469388,0.040816326530612,0.000000000000000
0.000129247536863,0.145750758076747,0.854119994386390
0.282710240182704,0.715213944924699,0.002075814892597
0.517409697849252,0.482590301213689,0.000000000937059
0.000000004162348,0.999999993196095,0.000000002641557
0.992885785423845,0.007114214576155,0.000000000000000
0.185604896885045,0.376178807546061,0.438216295568894
0.999999841569229,0.000000158430771,0.000000000000000
0
1.000000000000000,0.000000000000000,0.000000000000000
0.040000007662693,0.959999992337307,0.000000000000000
0.000000000000000,0.034013605442177,0.965986394557823
1.000000000000000,0.000000000000000,0.000000000000000
1.000000000000000,0.000000000000000,0.000000000000000
0.000000000000000,1.000000000000000,0.000000000000000
0.000000000000000,1.000000000000000,0.000000000000000
1.000000000000000,0.000000000000000,0.000000000000000
0.751228113254862,0.248771886745138,0.000000000000000
0.003691454675678,0.996308545324322,0.000000000000000
0
0.025596463387409,0.966724920458252,0.007678616154339
0.519999995860714,0.480000004137830,0.000000000001456
0.972789115646258,0.027210884353741,0.000000000000000
0.001248092374851,0.174403030019987,0.824348877605162
0.301163947359672,0.697341317164644,0.001494735475684
0.532554695039948,0.465808653974600,0.001636650985452
0.002363371521062,0.997636628478938,0.000000000000000
0.987563176100345,0.012436823899655,0.000000000000000
0.248207394934152,0.501383233980894,0.250409371084954
0.999168170320993,0.000831829678610,0.000000000000397
0
0.210487200353306,0.789512799646694,0.000000000000000
0.599999995990024,0.400000004009976,0.000000000000000
1.000000000000000,0.000000000000000,0.000000000000000
0.999953975067593,0.000046024932407,0.000000000000000
0.942717787919792,0.057282212080208,0.000000000000000
0.965315539472677,0.034684460527323,0.000000000000000
1.000000000000000,0.000000000000000,0.000000000000000
0.008864935030385,0.666225539817787,0.324909525151828
0.812192816396238,0.187807183603762,0.000000000000000
0.011400162299304,0.988599837700696,0.000000000000000
0
0.996805481652106,0.003194518347894,0.000000000000000
0.040000007662693,0.959999992337307,0.000000000000000
0.000000000000000,0.095238095238095,0.904761904761905
0.997159327830789,0.002840672169211,0.000000000000000
0.995403140735336,0.004596859264664,0.000000000000000
0.001636642205658,0.986741760092840,0.011621597701502
0.000000013048531,0.995380581239892,0.004619405711577
0.998204917263643,0.001795082736357,0.000000000000000
0.751228113254862,0.248771886745138,0.000000000000000
0.000000000000000,0.996308546445340,0.003691453554660
0
1.000000000000000,0.000000000000000,0.000000000000000
0.040000007662693,0.959999992337307,0.000000000000000
0.000000000000000,0.034013605442177,0.965986394557823
1.000000000000000,0.000000000000000,0.000000000000000
1.000000000000000,0.000000000000000,0.000000000000000
0.000000000000000,1.000000000000000,0.000000000000000
0.000000000000000,1.000000000000000,0.000000000000000
1.000000000000000,0.000000000000000,0.000000000000000
0.751228113254862,0.248771886745138,0.000000000000000
0.000000000000000,1.000000000000000,0.000000000000000
0
1.000000000000000,0.000000000000000,0.000000000000000
0.040000007662693,0.959999992337307,0.000000000000000
0.000000000000000,0.034013605442177,0.965986394557823
0.999053357948411,0.000000000000000,0.000946642051589
1.000000000000000,0.000000000000000,0.000000000000000
0.000000000000000,0.999999997583762,0.000000002416238
0.000000000000000,0.992702978060737,0.007297021939263
0.998204919750542,0.001795080249458,0.000000000000000
0.751228113254862,0.248771886745138,0.000000000000000
0.000000000000000,1.000000000000000,0.000000000000000
0
0.999019093667112,0.000980906332888,0.000000000000000
